dag1 62 0 978
dag2 1 1 115
dag3 54 14 1068
dag4 1 351 585
dag5 1 67 787
dag6 45 232 1625
dag7 1 496 550
dag8 22 305 1320
dag9 1 361 728
dag10 28 574 1528
dag11 50 331 2729
dag12 1 864 1165
dag13 1 350 1364
dag14 1 945 1152
dag15 1 1015 1150
dag16 41 534 2865
dag17 28 627 2635
dag18 1 578 1436
dag19 32 1100 2510
dag20 43 964 3551
dag21 1 1023 2166
dag22 40 1032 3300
dag23 43 1871 3197
dag24 30 1109 4269
dag25 52 1260 4396
dag26 40 2363 3888
dag27 1 2441 2556
dag28 1 1591 3064
dag29 39 2717 4382
dag30 58 2838 4452
dag31 32 3020 4263
dag32 59 3234 5000
dag33 1 3287 4133
dag34 54 3754 5000
dag35 1 3838 3938
dag36 22 3819 5000
dag37 40 3843 5000
dag38 1 4050 4662
dag39 1 4153 4627
dag40 28 3807 5000
dag41 27 3822 5000
dag42 1 4321 4985
dag43 2 4886 5000
dag44 2 4985 5000
dag45 1 4886 4926
dag46 5 4851 5000
dag47 1 4841 4914
dag48 1 4937 5000
dag49 2 4945 5000
dag50 1 4942 4982
dag51 1 4901 4982
dag52 1 4932 5000
dag53 3 4928 5000
