dag1 33 0 852
dag2 1 0 87
dag3 1 23 77
dag4 28 8 804
dag5 56 28 1426
dag6 34 211 1388
dag7 41 381 1570
dag8 38 618 2106
dag9 1 728 920
dag10 1 669 1227
dag11 1 810 1132
dag12 56 854 2723
dag13 43 683 2729
dag14 1 873 1156
dag15 27 974 2276
dag16 35 915 2422
dag17 40 1097 3564
dag18 23 1129 3458
dag19 50 1458 3222
dag20 26 2389 3379
dag21 1 2045 2528
dag22 1 2382 2448
dag23 1 2432 2549
dag24 52 2399 3657
dag25 1 2654 2963
dag26 37 2703 3807
dag27 1 2847 2910
dag28 1 2736 3036
dag29 54 2761 4319
dag30 29 2919 4159
dag31 1 3347 3629
dag32 1 3180 3900
dag33 42 2845 5000
dag34 1 3365 3446
dag35 23 3321 4662
dag36 59 3334 5000
dag37 59 3341 5000
dag38 24 3415 5000
dag39 1 3798 4608
dag40 15 4134 5000
dag41 18 4218 5000
dag42 24 4261 5000
dag43 1 4281 4858
dag44 10 4274 5000
dag45 1 4584 5000
dag46 1 4791 5000
dag47 1 4826 4952
dag48 1 4844 4982
dag49 1 4901 5000
dag50 2 4910 5000
dag51 2 4936 5000
dag52 1 4936 5000
