dag1 49 0 499
dag2 61 27 1587
dag3 49 169 1450
dag4 54 192 1606
dag5 1 227 1356
dag6 28 240 2209
dag7 60 433 2885
dag8 1 868 1184
dag9 40 546 2469
dag10 55 345 2833
dag11 1 1575 1953
dag12 1 1654 2125
dag13 23 1001 3093
dag14 45 1069 3398
dag15 1 1601 2063
dag16 35 1626 2989
dag17 1 2266 2311
dag18 1 1646 2862
dag19 1 1076 3296
dag20 1 1701 2661
dag21 56 1567 4271
dag22 1 1608 2989
dag23 1 1081 3296
dag24 1 1141 3103
dag25 47 1834 4342
dag26 27 2139 3238
dag27 1 2414 2714
dag28 1 2442 2755
dag29 44 2325 4045
dag30 1 2386 3931
dag31 43 2258 5000
dag32 54 2943 4905
dag33 33 2374 4679
dag34 38 3020 5000
dag35 1 3693 3868
dag36 1 3513 4020
dag37 1 3398 4121
dag38 1 3225 4246
dag39 49 3206 5000
dag40 30 3218 5000
dag41 1 3697 4625
dag42 26 3727 5000
dag43 1 4193 4418
dag44 1 4111 4616
dag45 1 3435 4839
dag46 1 3829 4843
dag47 1 3966 4641
dag48 35 3679 5000
dag49 15 3740 5000
dag50 3 4312 5000
dag51 3 4650 5000
